5821 1934 7281 4920 8037 2648 9153 3762 8492 1057
1928 5742 6831 9405 2738 5019 8274 3195 6042 7816
7392 2851 9204 6385 1740 8403 2759 6108 3981 5724
8491 2037 7182 9506 3618 4273 5031 2809 7914 6297
3018 4857 6920 7408 1053 8542 3761 9283 2051 4912
3982 6724 5913 7349 8102 2754 3820 9471 5038 6187
2950 7385 9401 2758 4082 6103 8074 3912 5831 9620
3049 7582 4921 3017 5728 9473 2048 8392 5731 2619
7481 9352 6107 8029 3758 4913 1049 5823 2638 8493
7204 3987 5912 8401 1935 6507 8254 3741 5293 8176
3952 2749 5017 9183 7290 8432 2745 6809 5931 4702
8193 6298 5827 3019 4859 9724 5032 6471 9287 7193
2931 5782 9408 6721 3814 6083 5013 7485 2093 7492
3928 6723 5837 9402 2751 4908 8203 3649 8172 5037
9104 6829 3016 4851 2743 5308 6782 5012 9472 8194
3984 7401 2948 6573 5201 3198 7432 6081 2719 8035
5927 4832 7210 6039 2904 8471 9375 5028 1051 8294
3718 6084 5203 7489 2938 6728 9103 4827 9312 5720
6982 5029 9271 4803 6851 7302 8408 2184 7391 6502
3924 2746 5041 8107 9382 6708 5829 3015 4973 9120
7493 2094 6581 7301 5027 2819 4892 7103 8201 9362
2831 5408 6821 3908 4781 8217 2949 5732 5021 8395
1059 7208 9102 6371 5023 8271 4938 9504 3709 6082
5824 2937 9201 7283 4853 8174 4092 7431 5937 2018
7381 9281 4720 5842 9385 2054 7291 6038 7491 8307
3901 2740 5018 8374 6932 2941 5083 6727 8191 9502
4813 6571 3719 8495 7202 5301 4817 9285 2053 8192
4721 8431 3058 5792 1029 9482 3841 7501 8207 5734
9485 2913 7289 3983 5721 6801 9404 2859 5011 8372
9081 4723 5024 5735 8195 7209 3942 8503 3081 6719
5026 9478 5932 2747 8197 7312 4982 6051 7203 2918
6078 2934 5192 7294 4031 5729 7502 8361 5025 1939
7497 5835 7293 4783 9407 3012 9372 5020 6392 3903
9284 2753 8272 2019 6823 8198 5039 5723 9302 3749
5981 2935 5832 8196 4928 9403 1058 2038 4893 9182
3753 9406 8202 4917 2837 6582 7104 5022 1936 8375
10 23 45 67 89 12 34 56 78 90  
11 22 33 44 55 66 77 88 99 20  
21 32 43 54 65 76 87 98 30 41  
52 63 74 85 96 31 42 53 64 75  
86 97 13 24 35 46 57 68 79 80  
91 14 25 36 47 58 69 81 92 15  
26 37 48 59 70 82 93 16 27 38  
49 60 83 94 17 28 39 50 61 84  
95 18 29 40 51 62 73 19 71 72  
693 506 413 901 446 707 267 195 588 952
316 483 372 304 626 838 943 915 309 175
609 401 254 433 787 954 703 928 542 196
782 941 802 769 154 556 216 211 497 671
653 229 834 691 511 585 435 632 258 617
489 641 191 278 785 407 131 155 444 308
754 552 527 352 281 725 555 228 884 774
810 807 835 906 692 993 203 849 658 430
974 860 381 705 421 282 257 853 817 178
788 205 669 991 665 963 127 173 710 104
998 812 383 157 478 500 240 630 614 391
681 837 462 874 717 880 474 688 675 887
123 495 690 631 728 315 377 330 275 613
851 319 529 638 676 153 426 202 980 250
443 905 524 862 770 565 117 863 823 348
301 369 364 305 415 978 644 452 763 223
283 395 949 371 136 656 492 539 726 528
972 875 792 598 520 287 960 242 522 366
992 298 721 745 910 623 354 852 189 842
639 241 234 297 422 390 775 824 558 388
734 109 299 599 568 839 916 177 188 666
830 424 404 476 829 640 805 394 633 822
701 711 950 697 405 625 995 660 249 425
890 567 414 778 120 982 596 321 472 746
197 650 731 403 827 231 854 441 572 148
201 907 742 124 659 615 245 714 570 420
467 627 470 783 274 244 826 977 899 439
560 329 450 748 125 218 828 486 771 166
402 876 682 579 801 342 962 453 892 593
214 883 698 699 150 718 965 163 603 743
913 137 700 363 584 657 546 200 850 820
719 900 961 351 547 940 814 265 503 532
501 636 582 475 356 779 266 581 973 119
344 936 480 679 749 261 654 886 327 358
764 713 832 780 230 727 628 349 362 398
217 482 454 667 535 970 183 310 595 772
610 683 194 179 720 268 537 521 674 902
678 856 184 303 106 491 502 538 955 416
237 209 908 378 668 335 255 132 488 990
167 730 894 881 526 409 187 288 866 252
557 685 791 473 765 882 602 171 418 672
271 146 590 753 554 969 618 662 893 819
645 499 509 934 578 360 551 121 389 156
496 198 455 170 427 564 643 463 533 808
925 397 877 457 340 684 642 870 796 293
122 879 937 336 563 193 821 768 436 487
133 432 981 611 481 920 573 536 797 664
811 574 917 290 687 431 855 235 816 129
531 868 616 160 412 857 517 165 921 145
716 747 809 233 964 302 114 152 210 923
994 607 953 897 795 895 505 314 113 686
465 322 181 317 138 984 966 575 246 760
326 541 102 318 325 353 670 924 514 738
858 490 762 199 836 958 206 518 918 384
307 516 451 396 605 460 869 300 374 264
777 559 566 139 621 933 968 345 985 262
861 221 580 988 859 663 168 604 248 456
677 279 904 956 459 898 227 367 385 332
338 544 498 346 423 135 600 951 712 343
804 222 813 704 285 260 128 696 741 548
776 594 840 442 967 629 586 368 186 543
232 979 784 399 510 815 289 126 207 347
149 647 695 164 284 523 947 831 919 825
661 350 845 365 212 601 591 447 651 180
151 942 116 612 975 333 331 429 759 694
273 142 458 464 213 469 803 185 479 733
277 144 192 448 841 339 935 806 571 740
320 251 504 789 903 440 461 922 392 375
608 225 885 238 357 865 971 410 945 107
736 101 361 419 417 247 592 655 689 637
649 494 702 434 624 562 957 182 818 272
141 484 437 986 513 111 140 110 161 589
323 896 103 766 259 158 729 781 864 508
871 108 987 755 328 471 540 355 256 253
597 220 176 724 549 485 888 620 761 118
100 143 767 931 848 750 393 534 793 635
723 379 438 406 263 619 519 370 243 512
386 296 634 867 926 577 239 646 930 400
208 408 466 751 561 622 130 927 878 983
929 587 932 976 270 169 735 843 786 891
844 411 387 652 794 800 428 758 292 380
215 269 493 938 334 799 449 445 553 550
134 946 569 872 105 583 324 912 757 773
715 833 280 739 989 313 291 706 737 948
914 576 286 190 172 236 306 847 294 219
944 732 648 709 115 889 873 756 708 376
226 224 959 525 373 680 997 939 159 790
174 468 673 798 337 276 996 744 911 530
359 341 477 112 162 722 846 999 515 311
545 147 295 909 312 507 204 382 606 752
